>> p_0=100;
r=0.9;
t=10;
p=p_0*exp(r*t)

p =

   8.1031e+05
